15 July 2015 01:40:34 PM

FFTW3_PRB
  C version
  Test the FFTW3 library.

TEST01
  Demonstrate FFTW3 on a single vector of complex data.

  Transform data to FFT coefficients.
  Backtransform FFT coefficients to recover data.
  Compare recovered data to original data.

  Input Data:

    0  1965102536.000000  1639725855.000000
    1  706684578.000000  1926601937.000000
    2  71238646.000000  1147998030.000000
    3  1038816544.000000  940714160.000000
    4  789063065.000000  464968134.000000
    5  887950355.000000  46124838.000000
    6  576618719.000000  1428715137.000000
    7  747317929.000000  80357754.000000
    8  1344159057.000000  636297752.000000
    9  1332307227.000000  90589962.000000
   10  1731248480.000000  1148562729.000000
   11  1944426409.000000  278880157.000000
   12  1730141091.000000  1050303144.000000
   13  1496116049.000000  1851439417.000000
   14  322615642.000000  1466708419.000000
   15  2094128415.000000  140234531.000000
   16  958950626.000000  653329346.000000
   17  2066836468.000000  1030189272.000000
   18  1801327376.000000  958169364.000000
   19  1970903432.000000  442906793.000000
   20  1423137499.000000  711370139.000000
   21  489031631.000000  1999756218.000000
   22  2140085276.000000  1236349560.000000
   23  2080113972.000000  1336760686.000000
   24  1872647312.000000  1264937552.000000
   25  1427350648.000000  1456412144.000000
   26  266016633.000000  1224293410.000000
   27  1735292301.000000  1996157724.000000
   28  127112906.000000  1083924702.000000
   29  1700113494.000000  449728549.000000
   30  403149474.000000  1646758261.000000
   31  589963080.000000  1362100100.000000
   32  152603959.000000  509315900.000000
   33  244805725.000000  1953931335.000000
   34  1467485264.000000  68225509.000000
   35  249354480.000000  743139115.000000
   36  779595649.000000  738386111.000000
   37  595411686.000000  772197277.000000
   38  1974735671.000000  528042010.000000
   39  2108957963.000000  1699899336.000000
   40  1792979562.000000  1388824964.000000
   41  1008827832.000000  2058996196.000000
   42  465634726.000000  596636486.000000
   43  1907670272.000000  592747632.000000
   44  1680561188.000000  1460300118.000000
   45  1042476181.000000  2083710662.000000
   46  959574732.000000  1632439261.000000
   47  1298327115.000000  1112178691.000000
   48  2141755161.000000  1543132840.000000
   49  918626379.000000  1461756778.000000
   50  1611358349.000000  1167980859.000000
   51  57412245.000000  243470350.000000
   52  1906366971.000000  652823931.000000
   53  1015667628.000000  1733618994.000000
   54  1180865942.000000  977141943.000000
   55  1286034682.000000  826361856.000000
   56  218483259.000000  147378867.000000
   57  737874404.000000  684117985.000000
   58  744015353.000000  498061029.000000
   59  1276865618.000000  277092893.000000
   60  1958361147.000000  171858151.000000
   61  213319908.000000  770452231.000000
   62  1804297413.000000  1511647023.000000
   63  1882630923.000000  1798568926.000000
   64  907296215.000000  653773654.000000
   65  1112842056.000000  371170916.000000
   66  1821754513.000000  1170254302.000000
   67  614641267.000000  1580637836.000000
   68  1823078233.000000  1630308895.000000
   69  1166773183.000000  856460527.000000
   70  459967190.000000  305324217.000000
   71  1682822384.000000  678450450.000000
   72  452703084.000000  273213140.000000
   73  1362568435.000000  1196718437.000000
   74  771274169.000000  491950405.000000
   75  1473811331.000000  582151669.000000
   76  663808557.000000  1687131239.000000
   77  1352603900.000000  320622322.000000
   78  1051294614.000000  1087751175.000000
   79  2119191248.000000  1958590829.000000
   80  1741524829.000000  1084549657.000000
   81  182278097.000000  1415795695.000000
   82  107320311.000000  796919364.000000
   83  848949883.000000  1930398544.000000
   84  279744611.000000  2015723066.000000
   85  639375424.000000  739711802.000000
   86  173563636.000000  174714160.000000
   87  1418162252.000000  626266720.000000
   88  447927300.000000  633247039.000000
   89  1822985158.000000  1219201470.000000
   90  1125197445.000000  1149312841.000000
   91  1801353139.000000  1789006002.000000
   92  688960432.000000  1006473391.000000
   93  2109628324.000000  1740255046.000000
   94  2094224567.000000  2081335924.000000
   95  1551362227.000000  1688265748.000000
   96  1018401933.000000  1733640324.000000
   97  956577795.000000  1125722244.000000
   98  383076041.000000  1805527679.000000
   99  908637141.000000  662820652.000000

  Output FFT Coefficients:

    0  115648585181.000000  105859198416.000000
    1  1300771521.259241  -1647450722.828048
    2  -10388288436.384098  -4974821069.026075
    3  -10339513222.468224  -102111299.267222
    4  -11317033422.899975  22023120147.951176
    5  6168390289.466428  5252742224.074771
    6  -19633623843.827240  6615727310.528421
    7  -15823800295.183987  391039086.660551
    8  7391375684.254442  -3860883551.285106
    9  4334584773.044804  574181953.571112
   10  11501984584.660896  1672641921.136932
   11  5774897592.342400  -402502165.161349
   12  -4144138677.637487  -3949746759.781358
   13  3305401259.647395  660899549.331962
   14  -6595598775.492981  -10536749579.499657
   15  4404548963.230510  7362631091.160925
   16  3519281847.051488  6465671638.097683
   17  7328679741.932675  -867067775.795984
   18  14873748146.258236  2629690749.714843
   19  1451797522.370219  -8427886.264853
   20  -144259633.339097  10041336312.685587
   21  7470635954.211267  -5418467510.493540
   22  -11828012687.850960  4082850095.364539
   23  13177514124.131269  -2701565680.014364
   24  2107699255.845652  2539806121.612187
   25  7343649099.999999  6632232501.000000
   26  -3048636073.227686  -7308806840.886902
   27  3314538012.242482  -7695787559.318672
   28  -1945642621.038598  -9460689589.095333
   29  4076477542.907802  1635905803.737268
   30  5351237944.062729  8597068530.608908
   31  4447447586.776839  -1288582958.678874
   32  6477220427.587042  2668713434.455135
   33  -1562775982.749300  5690308866.111483
   34  6047665951.627245  -1184091946.594709
   35  6548358198.619252  -5222428394.149705
   36  -3640846503.728759  6371842644.323807
   37  6878604742.195807  -1072479604.500682
   38  1936221470.949913  4677500954.998848
   39  -5196751605.809824  -2962029049.207894
   40  14631844385.907585  -701348767.293758
   41  7788717208.513668  -2108168281.126853
   42  3013722376.554703  -6946222335.747529
   43  -14052528926.536688  -3859487185.762024
   44  12854760669.696474  1117956490.746147
   45  2733797630.843543  -687947088.595424
   46  -32357113.555304  3509495502.121905
   47  -1642556188.047461  811053789.672438
   48  1280210220.427041  7653082233.623030
   49  -8982979113.004725  7238333877.553697
   50  -6903772453.000000  -3587684400.000000
   51  -9255741498.538769  5014159484.987727
   52  13362805648.476645  971575150.127778
   53  5677528623.835811  -1150436595.582006
   54  658190257.642657  1406118013.172152
   55  5829275554.354782  -3405998386.582448
   56  2803452263.545416  -1706812697.587197
   57  -14277224678.886810  2670094591.074759
   58  418362803.926900  9573983470.290302
   59  -1654742429.177765  -2064259309.664203
   60  -2970867188.672077  -4038922552.698179
   61  -2225872210.487812  -2297416063.497355
   62  5783558347.088484  -1927026508.895589
   63  -5577884578.069746  8834992949.471519
   64  -3297121916.217154  -2920295319.163422
   65  6572374296.083503  -8473487580.419011
   66  -1490759438.617838  4813998138.413651
   67  599119502.008705  4702658629.464193
   68  4715236717.095256  -3205479447.974793
   69  -3488040416.913422  -608903801.513751
   70  3048692771.320829  3252665944.214597
   71  3401165649.447841  6092399901.916862
   72  -255815111.347703  2717549687.152719
   73  4078776155.698240  -1184941671.361112
   74  4334435260.534628  -5618128264.284540
   75  -630597099.999999  -9563994873.000000
   76  -729519830.864083  5796264252.746868
   77  -7436592143.522805  -312192531.804336
   78  6214627310.253550  -1514363593.549063
   79  1999022181.695671  -2804742964.702194
   80  2718258805.103590  -15702508638.693651
   81  2962858600.368182  10022513490.687452
   82  -300150749.003701  7428082871.007052
   83  1097044051.584074  -3336508583.397918
   84  -4024946152.064111  -3938658382.021829
   85  -1482400926.393472  2891891593.939663
   86  769258968.312285  -390388543.394575
   87  4372310839.017171  11704325488.847610
   88  -405401278.264212  1309859390.530404
   89  -4114450939.771914  1292225957.162488
   90  -761439287.044454  -1249770035.960438
   91  -1897732014.926310  3210629801.135028
   92  218053005.985307  3808446717.938261
   93  -2244987347.149526  -5544783166.270700
   94  3134345992.237257  -1468483695.607037
   95  -1985549656.204545  998257502.571229
   96  7087379824.097319  -8702313757.396160
   97  -1505807131.128581  -232446039.455853
   98  10779059322.573956  7675285836.873967
   99  -1372549462.857892  6928386394.283640

  Recovered input data:

    0  196510253600.000000  163972585500.000000
    1  70668457799.999985  192660193699.999969
    2  7123864599.999985  114799803000.000000
    3  103881654400.000000  94071416000.000000
    4  78906306500.000031  46496813400.000000
    5  88795035500.000000  4612483800.000000
    6  57661871899.999992  142871513700.000000
    7  74731792900.000000  8035775400.000000
    8  134415905699.999985  63629775199.999985
    9  133230722700.000015  9058996199.999954
   10  173124848000.000000  114856272900.000000
   11  194442640900.000000  27888015699.999985
   12  173014109100.000061  105030314400.000015
   13  149611604899.999969  185143941700.000000
   14  32261564200.000015  146670841900.000000
   15  209412841500.000000  14023453100.000000
   16  95895062600.000015  65332934599.999992
   17  206683646800.000000  103018927200.000000
   18  180132737600.000000  95816936399.999985
   19  197090343200.000000  44290679300.000008
   20  142313749900.000000  71137013900.000015
   21  48903163100.000000  199975621799.999969
   22  214008527600.000000  123634955999.999985
   23  208011397200.000000  133676068599.999985
   24  187264731200.000000  126493755200.000000
   25  142735064800.000000  145641214400.000000
   26  26601663299.999992  122429341000.000015
   27  173529230100.000000  199615772400.000000
   28  12711290599.999943  108392470200.000015
   29  170011349400.000000  44972854900.000008
   30  40314947399.999985  164675826100.000000
   31  58996308000.000000  136210010000.000000
   32  15260395899.999973  50931589999.999977
   33  24480572499.999985  195393133500.000000
   34  146748526399.999969  6822550900.000000
   35  24935448000.000000  74313911500.000000
   36  77959564899.999969  73838611100.000000
   37  59541168599.999992  77219727699.999985
   38  197473567100.000000  52804200999.999985
   39  210895796300.000000  169989933600.000031
   40  179297956200.000000  138882496400.000000
   41  100882783200.000000  205899619600.000000
   42  46563472599.999985  59663648600.000000
   43  190767027200.000000  59274763199.999992
   44  168056118800.000031  146030011800.000000
   45  104247618099.999985  208371066200.000000
   46  95957473200.000000  163243926100.000031
   47  129832711500.000015  111217869100.000000
   48  214175516100.000061  154313284000.000000
   49  91862637899.999969  146175677799.999969
   50  161135834900.000000  116798085900.000000
   51  5741224500.000000  24347035000.000000
   52  190636697100.000031  65282393100.000023
   53  101566762800.000015  173361899400.000000
   54  118086594199.999985  97714194299.999969
   55  128603468200.000015  82636185600.000000
   56  21848325899.999985  14737886699.999969
   57  73787440400.000000  68411798500.000008
   58  74401535299.999985  49806102899.999969
   59  127686561799.999969  27709289300.000015
   60  195836114700.000000  17185815100.000000
   61  21331990800.000000  77045223100.000000
   62  180429741300.000000  151164702300.000000
   63  188263092300.000000  179856892600.000000
   64  90729621499.999969  65377365400.000000
   65  111284205600.000015  37117091600.000000
   66  182175451300.000000  117025430199.999969
   67  61464126699.999985  158063783600.000000
   68  182307823300.000061  163030889500.000000
   69  116677318300.000000  85646052699.999985
   70  45996718999.999985  30532421700.000000
   71  168282238400.000000  67845045000.000000
   72  45270308399.999985  27321313999.999992
   73  136256843500.000015  119671843700.000000
   74  77127416900.000000  49195040499.999969
   75  147381133100.000000  58215166900.000000
   76  66380855700.000000  168713123900.000000
   77  135260390000.000000  32062232199.999996
   78  105129461399.999985  108775117500.000015
   79  211919124800.000000  195859082900.000031
   80  174152482900.000000  108454965699.999985
   81  18227809700.000000  141579569500.000031
   82  10732031099.999985  79691936400.000015
   83  84894988299.999985  193039854400.000031
   84  27974461099.999985  201572306600.000000
   85  63937542399.999992  73971180200.000000
   86  17356363599.999977  17471415999.999985
   87  141816225200.000000  62626672000.000000
   88  44792729999.999969  63324703899.999985
   89  182298515800.000000  121920147000.000031
   90  112519744500.000000  114931284100.000000
   91  180135313900.000000  178900600200.000000
   92  68896043200.000015  100647339100.000015
   93  210962832400.000031  174025504600.000000
   94  209422456700.000000  208133592400.000000
   95  155136222700.000000  168826574800.000000
   96  101840193300.000015  173364032400.000000
   97  95657779500.000000  112572224400.000000
   98  38307604100.000000  180552767900.000000
   99  90863714099.999985  66282065200.000008

  Recovered input data divided by N:

    0  1965102536.000000  1639725855.000000
    1  706684578.000000  1926601937.000000
    2  71238646.000000  1147998030.000000
    3  1038816544.000000  940714160.000000
    4  789063065.000000  464968134.000000
    5  887950355.000000  46124838.000000
    6  576618719.000000  1428715137.000000
    7  747317929.000000  80357754.000000
    8  1344159057.000000  636297752.000000
    9  1332307227.000000  90589962.000000
   10  1731248480.000000  1148562729.000000
   11  1944426409.000000  278880157.000000
   12  1730141091.000001  1050303144.000000
   13  1496116049.000000  1851439417.000000
   14  322615642.000000  1466708419.000000
   15  2094128415.000000  140234531.000000
   16  958950626.000000  653329346.000000
   17  2066836468.000000  1030189272.000000
   18  1801327376.000000  958169364.000000
   19  1970903432.000000  442906793.000000
   20  1423137499.000000  711370139.000000
   21  489031631.000000  1999756218.000000
   22  2140085276.000000  1236349560.000000
   23  2080113972.000000  1336760686.000000
   24  1872647312.000000  1264937552.000000
   25  1427350648.000000  1456412144.000000
   26  266016633.000000  1224293410.000000
   27  1735292301.000000  1996157724.000000
   28  127112905.999999  1083924702.000000
   29  1700113494.000000  449728549.000000
   30  403149474.000000  1646758261.000000
   31  589963080.000000  1362100100.000000
   32  152603959.000000  509315900.000000
   33  244805725.000000  1953931335.000000
   34  1467485264.000000  68225509.000000
   35  249354480.000000  743139115.000000
   36  779595649.000000  738386111.000000
   37  595411686.000000  772197277.000000
   38  1974735671.000000  528042010.000000
   39  2108957963.000000  1699899336.000000
   40  1792979562.000000  1388824964.000000
   41  1008827832.000000  2058996196.000000
   42  465634726.000000  596636486.000000
   43  1907670272.000000  592747632.000000
   44  1680561188.000000  1460300118.000000
   45  1042476181.000000  2083710662.000000
   46  959574732.000000  1632439261.000000
   47  1298327115.000000  1112178691.000000
   48  2141755161.000001  1543132840.000000
   49  918626379.000000  1461756778.000000
   50  1611358349.000000  1167980859.000000
   51  57412245.000000  243470350.000000
   52  1906366971.000000  652823931.000000
   53  1015667628.000000  1733618994.000000
   54  1180865942.000000  977141943.000000
   55  1286034682.000000  826361856.000000
   56  218483259.000000  147378867.000000
   57  737874404.000000  684117985.000000
   58  744015353.000000  498061029.000000
   59  1276865618.000000  277092893.000000
   60  1958361147.000000  171858151.000000
   61  213319908.000000  770452231.000000
   62  1804297413.000000  1511647023.000000
   63  1882630923.000000  1798568926.000000
   64  907296215.000000  653773654.000000
   65  1112842056.000000  371170916.000000
   66  1821754513.000000  1170254302.000000
   67  614641267.000000  1580637836.000000
   68  1823078233.000001  1630308895.000000
   69  1166773183.000000  856460527.000000
   70  459967190.000000  305324217.000000
   71  1682822384.000000  678450450.000000
   72  452703084.000000  273213140.000000
   73  1362568435.000000  1196718437.000000
   74  771274169.000000  491950405.000000
   75  1473811331.000000  582151669.000000
   76  663808557.000000  1687131239.000000
   77  1352603900.000000  320622322.000000
   78  1051294614.000000  1087751175.000000
   79  2119191248.000000  1958590829.000000
   80  1741524829.000000  1084549657.000000
   81  182278097.000000  1415795695.000000
   82  107320311.000000  796919364.000000
   83  848949883.000000  1930398544.000000
   84  279744611.000000  2015723066.000000
   85  639375424.000000  739711802.000000
   86  173563636.000000  174714160.000000
   87  1418162252.000000  626266720.000000
   88  447927300.000000  633247039.000000
   89  1822985158.000000  1219201470.000000
   90  1125197445.000000  1149312841.000000
   91  1801353139.000000  1789006002.000000
   92  688960432.000000  1006473391.000000
   93  2109628324.000000  1740255046.000000
   94  2094224567.000000  2081335924.000000
   95  1551362227.000000  1688265748.000000
   96  1018401933.000000  1733640324.000000
   97  956577795.000000  1125722244.000000
   98  383076041.000000  1805527679.000000
   99  908637141.000000  662820652.000000

TEST02
  Demonstrate FFTW3 on a single vector of real data.

  Transform data to FFT coefficients.
  Backtransform FFT coefficients to recover data.
  Compare recovered data to original data.

  Input Data:

     0  1965102536.000000
     1  1639725855.000000
     2  706684578.000000
     3  1926601937.000000
     4  71238646.000000
     5  1147998030.000000
     6  1038816544.000000
     7  940714160.000000
     8  789063065.000000
     9  464968134.000000
    10  887950355.000000
    11  46124838.000000
    12  576618719.000000
    13  1428715137.000000
    14  747317929.000000
    15  80357754.000000
    16  1344159057.000000
    17  636297752.000000
    18  1332307227.000000
    19  90589962.000000
    20  1731248480.000000
    21  1148562729.000000
    22  1944426409.000000
    23  278880157.000000
    24  1730141091.000000
    25  1050303144.000000
    26  1496116049.000000
    27  1851439417.000000
    28  322615642.000000
    29  1466708419.000000
    30  2094128415.000000
    31  140234531.000000
    32  958950626.000000
    33  653329346.000000
    34  2066836468.000000
    35  1030189272.000000
    36  1801327376.000000
    37  958169364.000000
    38  1970903432.000000
    39  442906793.000000
    40  1423137499.000000
    41  711370139.000000
    42  489031631.000000
    43  1999756218.000000
    44  2140085276.000000
    45  1236349560.000000
    46  2080113972.000000
    47  1336760686.000000
    48  1872647312.000000
    49  1264937552.000000
    50  1427350648.000000
    51  1456412144.000000
    52  266016633.000000
    53  1224293410.000000
    54  1735292301.000000
    55  1996157724.000000
    56  127112906.000000
    57  1083924702.000000
    58  1700113494.000000
    59  449728549.000000
    60  403149474.000000
    61  1646758261.000000
    62  589963080.000000
    63  1362100100.000000
    64  152603959.000000
    65  509315900.000000
    66  244805725.000000
    67  1953931335.000000
    68  1467485264.000000
    69  68225509.000000
    70  249354480.000000
    71  743139115.000000
    72  779595649.000000
    73  738386111.000000
    74  595411686.000000
    75  772197277.000000
    76  1974735671.000000
    77  528042010.000000
    78  2108957963.000000
    79  1699899336.000000
    80  1792979562.000000
    81  1388824964.000000
    82  1008827832.000000
    83  2058996196.000000
    84  465634726.000000
    85  596636486.000000
    86  1907670272.000000
    87  592747632.000000
    88  1680561188.000000
    89  1460300118.000000
    90  1042476181.000000
    91  2083710662.000000
    92  959574732.000000
    93  1632439261.000000
    94  1298327115.000000
    95  1112178691.000000
    96  2141755161.000000
    97  1543132840.000000
    98  918626379.000000
    99  1461756778.000000

  Output FFT Coefficients:

     0  114754576412.000000      0.000000
     1  -479332931.072924  -314875829.873200
     2  5414658748.775989  14294284820.515644
     3  -3235789033.464559  3954680489.826064
     4  8316572703.437931  808445759.977603
     5  5155965839.949192  -708140760.990807
     6  733494775.148691  3983375905.547686
     7  -3779418121.638888  -743993851.817035
     8  -568346980.695873  -966797297.113487
     9  6064850446.328081  -5162738765.506816
    10  -1496467709.114426  4408105551.037277
    11  3124210216.284584  1737991519.096889
    12  -3130905689.329278  -1888889857.889328
    13  1103263514.121911  3903465416.693170
    14  973062104.255748  -524849998.447226
    15  2529392580.136295  -4594890909.189820
    16  2127804670.788755  2194731634.491196
    17  -3059685426.623859  -4330056001.391607
    18  3809480392.210212  -2157823604.571331
    19  -753938206.469632  -240987489.362003
    20  -1697697039.269136  -467377372.453648
    21  1083902274.755119  -8269748996.493297
    22  -369040376.825150  6800238441.198666
    23  1612065506.387948  -283237798.146963
    24  9612492315.626234  -5319896721.203108
    25  -2744269915.000000  1679796531.000000
    26  -2429396727.706783  28250601.148044
    27  -2069607591.735200  969217762.802956
    28  4690747513.051997  -3695075697.259583
    29  1775405048.546697  11670747927.893822
    30  6967389980.114426  -1385214864.601639
    31  2290969844.188326  3029152004.955250
    32  -2830649955.048770  79143838.823889
    33  5651423950.576176  -2854200541.169844
    34  3049769020.089075  1758141496.295067
    35  827268409.485285  -2982190412.047197
    36  -1056381653.947359  7507412742.761593
    37  6902328739.607817  5595873886.184401
    38  -1516522546.833137  32687064.906676
    39  -7641044467.680753  -148694692.247463
    40  691812503.269136  -10490574083.493404
    41  5566215115.457213  -3117950351.985221
    42  1373933445.734915  -9437776110.361870
    43  -3223403884.571133  3031115880.875332
    44  464901667.995313  1767887678.861719
    45  2303430445.429228  -6296349101.246210
    46  -128013777.349559  -3995721673.102326
    47  -4397896619.685471  4011353359.970912
    48  -8810718199.378950  -5742435172.542033
    49  -1162508533.311450  8991045776.602531
    50  6484124418.000000      0.000000

  Recovered input data divided by N:

     0  1965102536.000000
     1  1639725855.000000
     2  706684578.000000
     3  1926601937.000000
     4  71238646.000000
     5  1147998030.000000
     6  1038816544.000000
     7  940714160.000000
     8  789063065.000000
     9  464968134.000000
    10  887950355.000000
    11  46124838.000000
    12  576618719.000000
    13  1428715137.000001
    14  747317929.000000
    15  80357754.000000
    16  1344159057.000000
    17  636297752.000000
    18  1332307227.000000
    19  90589962.000000
    20  1731248480.000000
    21  1148562729.000000
    22  1944426409.000000
    23  278880157.000000
    24  1730141091.000000
    25  1050303144.000000
    26  1496116049.000000
    27  1851439417.000000
    28  322615642.000000
    29  1466708419.000000
    30  2094128415.000000
    31  140234531.000000
    32  958950626.000000
    33  653329346.000000
    34  2066836468.000000
    35  1030189272.000000
    36  1801327376.000000
    37  958169364.000000
    38  1970903432.000000
    39  442906793.000000
    40  1423137499.000000
    41  711370139.000000
    42  489031631.000000
    43  1999756218.000000
    44  2140085276.000000
    45  1236349560.000000
    46  2080113972.000000
    47  1336760686.000000
    48  1872647312.000000
    49  1264937552.000000
    50  1427350648.000000
    51  1456412144.000000
    52  266016633.000000
    53  1224293410.000000
    54  1735292301.000000
    55  1996157724.000000
    56  127112906.000000
    57  1083924702.000000
    58  1700113494.000000
    59  449728549.000000
    60  403149474.000000
    61  1646758261.000000
    62  589963080.000000
    63  1362100100.000000
    64  152603959.000000
    65  509315900.000000
    66  244805725.000000
    67  1953931335.000000
    68  1467485264.000000
    69  68225509.000000
    70  249354480.000000
    71  743139115.000000
    72  779595649.000000
    73  738386111.000000
    74  595411686.000000
    75  772197277.000000
    76  1974735671.000000
    77  528042010.000000
    78  2108957963.000000
    79  1699899336.000000
    80  1792979562.000000
    81  1388824964.000000
    82  1008827832.000000
    83  2058996196.000000
    84  465634726.000000
    85  596636486.000000
    86  1907670272.000000
    87  592747632.000000
    88  1680561188.000000
    89  1460300118.000000
    90  1042476181.000000
    91  2083710662.000000
    92  959574732.000000
    93  1632439261.000000
    94  1298327115.000000
    95  1112178691.000000
    96  2141755161.000000
    97  1543132840.000000
    98  918626379.000000
    99  1461756778.000000

TEST03
  Demonstrate FFTW3 on a 8 by 10 array of complex data.

  Transform data to FFT coefficients.
  Backtransform FFT coefficients to recover data.
  Compare recovered data to original data.

  Input Data:

     0     0  1965102536.000000  1639725855.000000
     0     1  706684578.000000  1926601937.000000
     0     2  71238646.000000  1147998030.000000
     0     3  1038816544.000000  940714160.000000
     0     4  789063065.000000  464968134.000000
     0     5  887950355.000000  46124838.000000
     0     6  576618719.000000  1428715137.000000
     0     7  747317929.000000  80357754.000000
     0     8  1344159057.000000  636297752.000000
     0     9  1332307227.000000  90589962.000000
     1     0  1731248480.000000  1148562729.000000
     1     1  1944426409.000000  278880157.000000
     1     2  1730141091.000000  1050303144.000000
     1     3  1496116049.000000  1851439417.000000
     1     4  322615642.000000  1466708419.000000
     1     5  2094128415.000000  140234531.000000
     1     6  958950626.000000  653329346.000000
     1     7  2066836468.000000  1030189272.000000
     1     8  1801327376.000000  958169364.000000
     1     9  1970903432.000000  442906793.000000
     2     0  1423137499.000000  711370139.000000
     2     1  489031631.000000  1999756218.000000
     2     2  2140085276.000000  1236349560.000000
     2     3  2080113972.000000  1336760686.000000
     2     4  1872647312.000000  1264937552.000000
     2     5  1427350648.000000  1456412144.000000
     2     6  266016633.000000  1224293410.000000
     2     7  1735292301.000000  1996157724.000000
     2     8  127112906.000000  1083924702.000000
     2     9  1700113494.000000  449728549.000000
     3     0  403149474.000000  1646758261.000000
     3     1  589963080.000000  1362100100.000000
     3     2  152603959.000000  509315900.000000
     3     3  244805725.000000  1953931335.000000
     3     4  1467485264.000000  68225509.000000
     3     5  249354480.000000  743139115.000000
     3     6  779595649.000000  738386111.000000
     3     7  595411686.000000  772197277.000000
     3     8  1974735671.000000  528042010.000000
     3     9  2108957963.000000  1699899336.000000
     4     0  1792979562.000000  1388824964.000000
     4     1  1008827832.000000  2058996196.000000
     4     2  465634726.000000  596636486.000000
     4     3  1907670272.000000  592747632.000000
     4     4  1680561188.000000  1460300118.000000
     4     5  1042476181.000000  2083710662.000000
     4     6  959574732.000000  1632439261.000000
     4     7  1298327115.000000  1112178691.000000
     4     8  2141755161.000000  1543132840.000000
     4     9  918626379.000000  1461756778.000000
     5     0  1611358349.000000  1167980859.000000
     5     1  57412245.000000  243470350.000000
     5     2  1906366971.000000  652823931.000000
     5     3  1015667628.000000  1733618994.000000
     5     4  1180865942.000000  977141943.000000
     5     5  1286034682.000000  826361856.000000
     5     6  218483259.000000  147378867.000000
     5     7  737874404.000000  684117985.000000
     5     8  744015353.000000  498061029.000000
     5     9  1276865618.000000  277092893.000000
     6     0  1958361147.000000  171858151.000000
     6     1  213319908.000000  770452231.000000
     6     2  1804297413.000000  1511647023.000000
     6     3  1882630923.000000  1798568926.000000
     6     4  907296215.000000  653773654.000000
     6     5  1112842056.000000  371170916.000000
     6     6  1821754513.000000  1170254302.000000
     6     7  614641267.000000  1580637836.000000
     6     8  1823078233.000000  1630308895.000000
     6     9  1166773183.000000  856460527.000000
     7     0  459967190.000000  305324217.000000
     7     1  1682822384.000000  678450450.000000
     7     2  452703084.000000  273213140.000000
     7     3  1362568435.000000  1196718437.000000
     7     4  771274169.000000  491950405.000000
     7     5  1473811331.000000  582151669.000000
     7     6  663808557.000000  1687131239.000000
     7     7  1352603900.000000  320622322.000000
     7     8  1051294614.000000  1087751175.000000
     7     9  2119191248.000000  1958590829.000000

  Output FFT Coefficients:

     0     0  95349334636.000000  80440311048.000000
     0     1  7756936175.112395  3752044583.641979
     0     2  195272578.364298  7571687094.337640
     0     3  -553157460.022844  7642307797.271003
     0     4  12202997353.780584  77892949.050132
     0     5  -2724404118.000000  -3131683922.000000
     0     6  -1559584726.087712  -2167408505.185731
     0     7  2314947753.770731  2117888349.118177
     0     8  -1591757917.057170  -13773928056.202042
     0     9  2062458094.139718  -725059588.031160
     1     0  7084739432.777925  -7524670183.064363
     1     1  4882727762.012922  -739871050.162707
     1     2  5972890104.960906  -8004691070.769501
     1     3  -3038825849.775411  -986696511.673726
     1     4  6306678405.789063  -974836234.076670
     1     5  -9516136458.919880  9785203580.161478
     1     6  -2196311006.699523  -1075833052.611072
     1     7  5288981308.926832  3114430737.288582
     1     8  1672045213.507632  3192910417.402693
     1     9  1257138052.704596  1006631429.703610
     2     0  -6265331684.000000  -7137536534.000000
     2     1  -4394602843.926730  2905839499.862348
     2     2  -2898480172.684159  10032521754.113029
     2     3  5435609846.016768  -9907599515.622841
     2     4  7868786289.501578  -10685070277.959705
     2     5  4319855502.000000  1640667996.000000
     2     6  -1629556307.815261  -5870459769.000637
     2     7  1488624318.692673  8623353411.273468
     2     8  1787501859.997840  5215982416.847313
     2     9  1698038812.217289  1840624658.487024
     3     0  -9998983280.546936  -8139769043.974161
     3     1  13025885153.661510  1855296007.211563
     3     2  -245602854.142022  4232856455.237925
     3     3  1631505355.892936  8008105371.935615
     3     4  -4576935811.245876  5733206848.774469
     3     5  7436455057.040869  -5732377555.918066
     3     6  4684104811.900198  1343991314.982368
     3     7  1927744347.929000  1253285040.495079
     3     8  -2891889055.165882  -4151872263.687063
     3     9  -6567622858.090229  1930738935.697706
     4     0  3133842032.000000  10774969616.000000
     4     1  -3708414423.279588  -5068266261.238905
     4     2  8953863860.645769  1702840889.650416
     4     3  13899861670.629667  -3968173222.425008
     4     4  4630536714.799461  -4821384103.951496
     4     5  7963125606.000000  2307427118.000000
     4     6  4297557091.316142  448884200.460941
     4     7  1157744274.302090  -6195803580.998593
     4     8  -9510061783.761372  -1561888442.159862
     4     9  -1479482532.652168  2812924216.662506
     5     0  -10109971970.777925  -3444403582.935637
     5     1  -2007737551.556267  5969405706.626689
     5     2  8908964771.176420  825321228.828266
     5     3  -2955104320.668629  996204233.526451
     5     4  5426624801.067840  4484536562.893695
     5     5  4896208964.919880  5912506721.838522
     5     6  -8320155226.678573  -476989770.209693
     5     7  -307251409.595037  1805266675.056108
     5     8  1677999114.876233  -2661043085.457718
     5     9  -690804898.049008  4519108027.634996
     6     0  -1515077768.000000  5253524618.000000
     6     1  9024301632.091324  12126934549.890293
     6     2  8938721617.035889  7454734137.772733
     6     3  -3129987765.337309  -1060141933.262092
     6     4  -5261454610.665753  -967877301.040824
     6     5  -5967845070.000000  5364628676.000000
     6     6  -4352680894.009706  13577236608.588428
     6     7  378661926.101869  820401656.893343
     6     8  995744510.639569  7602694036.679663
     6     9  1010839842.144118  -3924008109.521547
     7     0  -2004482149.453064  -3005677466.025839
     7     1  2020227334.122067  4043564557.121052
     7     2  357210429.053319  -5084238885.572721
     7     3  -1752950350.416627  5308508434.364326
     7     4  -2075707804.273746  -5698108265.080542
     7     5  -6142416363.040869  1720157441.918066
     7     6  1962172081.267845  -2707101027.625989
     7     7  -3082079016.083135  -2563758186.896136
     7     8  -1281447047.393833  -2597287557.028446
     7     9  227031738.984478  -1435975295.929204

  Recovered input data divided by NX * NY:

     0     0  1965102536.000000  1639725855.000000
     0     1  706684578.000000  1926601937.000000
     0     2  71238646.000000  1147998030.000000
     0     3  1038816544.000000  940714160.000000
     0     4  789063065.000000  464968134.000000
     0     5  887950355.000000  46124838.000000
     0     6  576618719.000000  1428715137.000000
     0     7  747317929.000000  80357754.000000
     0     8  1344159057.000000  636297752.000000
     0     9  1332307227.000000  90589962.000000
     1     0  1731248480.000000  1148562729.000000
     1     1  1944426409.000000  278880157.000000
     1     2  1730141091.000000  1050303144.000000
     1     3  1496116049.000000  1851439417.000000
     1     4  322615642.000000  1466708419.000000
     1     5  2094128415.000000  140234531.000000
     1     6  958950626.000000  653329346.000000
     1     7  2066836468.000000  1030189272.000000
     1     8  1801327376.000000  958169364.000000
     1     9  1970903432.000000  442906793.000000
     2     0  1423137499.000000  711370139.000000
     2     1  489031631.000000  1999756218.000000
     2     2  2140085276.000000  1236349560.000000
     2     3  2080113972.000000  1336760686.000000
     2     4  1872647312.000000  1264937552.000000
     2     5  1427350648.000000  1456412144.000000
     2     6  266016633.000000  1224293410.000000
     2     7  1735292301.000000  1996157724.000000
     2     8  127112906.000000  1083924702.000000
     2     9  1700113494.000000  449728549.000000
     3     0  403149474.000000  1646758261.000000
     3     1  589963080.000000  1362100100.000000
     3     2  152603959.000000  509315900.000000
     3     3  244805725.000000  1953931335.000000
     3     4  1467485264.000000  68225509.000000
     3     5  249354480.000000  743139115.000000
     3     6  779595649.000000  738386111.000000
     3     7  595411686.000000  772197277.000000
     3     8  1974735671.000000  528042010.000000
     3     9  2108957963.000000  1699899336.000000
     4     0  1792979562.000000  1388824964.000000
     4     1  1008827832.000000  2058996196.000000
     4     2  465634726.000000  596636486.000000
     4     3  1907670272.000000  592747632.000000
     4     4  1680561188.000000  1460300118.000000
     4     5  1042476181.000000  2083710662.000000
     4     6  959574732.000000  1632439261.000000
     4     7  1298327115.000000  1112178691.000000
     4     8  2141755161.000000  1543132840.000000
     4     9  918626379.000000  1461756778.000000
     5     0  1611358349.000000  1167980859.000000
     5     1  57412245.000000  243470350.000000
     5     2  1906366971.000000  652823931.000000
     5     3  1015667628.000000  1733618994.000000
     5     4  1180865942.000000  977141943.000000
     5     5  1286034682.000000  826361856.000000
     5     6  218483259.000000  147378867.000000
     5     7  737874404.000000  684117985.000000
     5     8  744015353.000000  498061029.000000
     5     9  1276865618.000000  277092893.000000
     6     0  1958361147.000000  171858151.000000
     6     1  213319908.000000  770452231.000000
     6     2  1804297413.000000  1511647023.000000
     6     3  1882630923.000000  1798568926.000000
     6     4  907296215.000000  653773654.000000
     6     5  1112842056.000000  371170916.000000
     6     6  1821754513.000000  1170254302.000000
     6     7  614641267.000000  1580637836.000000
     6     8  1823078233.000000  1630308895.000000
     6     9  1166773183.000000  856460527.000000
     7     0  459967190.000000  305324217.000000
     7     1  1682822384.000000  678450450.000000
     7     2  452703084.000000  273213140.000000
     7     3  1362568435.000000  1196718437.000000
     7     4  771274169.000000  491950405.000000
     7     5  1473811331.000000  582151669.000000
     7     6  663808557.000000  1687131239.000000
     7     7  1352603900.000000  320622322.000000
     7     8  1051294614.000000  1087751175.000000
     7     9  2119191248.000000  1958590829.000000

TEST04
  Demonstrate FFTW3 on a 8 by 10 array of real data.

  Transform data to FFT coefficients.
  Backtransform FFT coefficients to recover data.
  Compare recovered data to original data.

  Input Data:

     0     0  1965102536.000000
     0     1  1639725855.000000
     0     2  706684578.000000
     0     3  1926601937.000000
     0     4  71238646.000000
     0     5  1147998030.000000
     0     6  1038816544.000000
     0     7  940714160.000000
     0     8  789063065.000000
     0     9  464968134.000000
     1     0  887950355.000000
     1     1  46124838.000000
     1     2  576618719.000000
     1     3  1428715137.000000
     1     4  747317929.000000
     1     5  80357754.000000
     1     6  1344159057.000000
     1     7  636297752.000000
     1     8  1332307227.000000
     1     9  90589962.000000
     2     0  1731248480.000000
     2     1  1148562729.000000
     2     2  1944426409.000000
     2     3  278880157.000000
     2     4  1730141091.000000
     2     5  1050303144.000000
     2     6  1496116049.000000
     2     7  1851439417.000000
     2     8  322615642.000000
     2     9  1466708419.000000
     3     0  2094128415.000000
     3     1  140234531.000000
     3     2  958950626.000000
     3     3  653329346.000000
     3     4  2066836468.000000
     3     5  1030189272.000000
     3     6  1801327376.000000
     3     7  958169364.000000
     3     8  1970903432.000000
     3     9  442906793.000000
     4     0  1423137499.000000
     4     1  711370139.000000
     4     2  489031631.000000
     4     3  1999756218.000000
     4     4  2140085276.000000
     4     5  1236349560.000000
     4     6  2080113972.000000
     4     7  1336760686.000000
     4     8  1872647312.000000
     4     9  1264937552.000000
     5     0  1427350648.000000
     5     1  1456412144.000000
     5     2  266016633.000000
     5     3  1224293410.000000
     5     4  1735292301.000000
     5     5  1996157724.000000
     5     6  127112906.000000
     5     7  1083924702.000000
     5     8  1700113494.000000
     5     9  449728549.000000
     6     0  403149474.000000
     6     1  1646758261.000000
     6     2  589963080.000000
     6     3  1362100100.000000
     6     4  152603959.000000
     6     5  509315900.000000
     6     6  244805725.000000
     6     7  1953931335.000000
     6     8  1467485264.000000
     6     9  68225509.000000
     7     0  249354480.000000
     7     1  743139115.000000
     7     2  779595649.000000
     7     3  738386111.000000
     7     4  595411686.000000
     7     5  772197277.000000
     7     6  1974735671.000000
     7     7  528042010.000000
     7     8  2108957963.000000
     7     9  1699899336.000000

  Output FFT Coefficients:

     0     0  87607419636.000000      0.000000
     0     1  -2704036518.131789  4267815553.658237
     0     2  -1604785525.748013  944665651.277958
     0     3  5001212134.131789  -3578849680.462563
     0     4  2811802077.748013  -6744316117.845665
     0     5  7198414898.000000      0.000000
     1     0  -8263757497.769066  -2947173825.215264
     1     1  2864199609.380679  546751546.138983
     1     2  -2829674845.864520  -7356617406.406060
     1     3  2768956931.435510  1115508161.783608
     1     4  4766209337.922095  -1645650306.910051
     1     5  -3627217355.469389  -9769121280.254122
     2     0  3826323186.000000  3669853680.000000
     2     1  -5207704375.058125  -381490603.164982
     2     2  2716937876.858527  3613572510.387457
     2     3  -1416988249.373303  532440593.216997
     2     4  99696631.577577  -8882835800.172590
     2     5  1160408586.000000  5242071314.000000
     3     0  537204777.769066  6297032034.784736
     3     1  2663554583.673126  -2699377733.322599
     3     2  3120950177.330367  2479997801.027691
     3     3  -638879570.197311  -7117932836.270000
     3     4  1160136002.663519  -1677515520.483273
     3     5  -2382671208.530611  -1547166464.254122
     4     0  5720347312.000000      0.000000
     4     1  2839822451.303631  -3226191594.574492
     4     2  -818748561.843297  -5737844161.932961
     4     3  4103289717.696370  2052430.983207
     4     4  280871650.843297  3239944315.997997
     4     5  -9892276918.000000      0.000000
     5     0  537204777.769066  -6297032034.784736
     5     1  2348911183.885310  -3775934868.822522
     5     2  4191523355.258743  -6657777475.885764
     5     3  1904481470.212844  -1047671898.684102
     5     4  9373097239.424965  3165817007.278628
     5     5  -2382671208.530611  1547166464.254122
     6     0  3826323186.000000  -3669853680.000000
     6     1  2144503544.137607  -682479917.440723
     6     2  1870979063.438105  2687233152.026123
     6     3  5465348169.293821  4563947116.492739
     6     4  1878916377.125792  -3056907576.811256
     6     5  1160408586.000000  -5242071314.000000
     7     0  -8263757497.769066  2947173825.215264
     7     1  4634319412.178474  -1897617521.029280
     7     2  -2033421685.327572  -1249798830.817512
     7     3  -4232489386.568633  8202743835.037847
     7     4  -5486131791.407598  -2600254991.650153
     7     5  -3627217355.469389  9769121280.254122

  Recovered input data divided by NX * NY:

     0     0  1965102536.000000
     0     1  1639725855.000000
     0     2  706684578.000000
     0     3  1926601937.000000
     0     4  71238646.000000
     0     5  1147998030.000000
     0     6  1038816544.000000
     0     7  940714160.000000
     0     8  789063065.000000
     0     9  464968134.000000
     1     0  887950355.000000
     1     1  46124838.000000
     1     2  576618719.000000
     1     3  1428715137.000000
     1     4  747317929.000000
     1     5  80357754.000000
     1     6  1344159057.000000
     1     7  636297752.000000
     1     8  1332307227.000000
     1     9  90589962.000000
     2     0  1731248480.000000
     2     1  1148562729.000000
     2     2  1944426409.000000
     2     3  278880157.000000
     2     4  1730141091.000000
     2     5  1050303144.000000
     2     6  1496116049.000000
     2     7  1851439417.000000
     2     8  322615642.000000
     2     9  1466708419.000000
     3     0  2094128415.000000
     3     1  140234531.000000
     3     2  958950626.000000
     3     3  653329346.000000
     3     4  2066836468.000000
     3     5  1030189272.000000
     3     6  1801327376.000000
     3     7  958169364.000000
     3     8  1970903432.000000
     3     9  442906793.000000
     4     0  1423137499.000000
     4     1  711370139.000000
     4     2  489031631.000000
     4     3  1999756218.000000
     4     4  2140085276.000000
     4     5  1236349560.000000
     4     6  2080113972.000000
     4     7  1336760686.000000
     4     8  1872647312.000000
     4     9  1264937552.000000
     5     0  1427350648.000000
     5     1  1456412144.000000
     5     2  266016633.000000
     5     3  1224293410.000000
     5     4  1735292301.000000
     5     5  1996157724.000000
     5     6  127112906.000000
     5     7  1083924702.000000
     5     8  1700113494.000000
     5     9  449728549.000000
     6     0  403149474.000000
     6     1  1646758261.000000
     6     2  589963080.000000
     6     3  1362100100.000000
     6     4  152603959.000000
     6     5  509315900.000000
     6     6  244805725.000000
     6     7  1953931335.000000
     6     8  1467485264.000000
     6     9  68225509.000000
     7     0  249354480.000000
     7     1  743139115.000000
     7     2  779595649.000000
     7     3  738386111.000000
     7     4  595411686.000000
     7     5  772197277.000000
     7     6  1974735671.000000
     7     7  528042010.000000
     7     8  2108957963.000000
     7     9  1699899336.000000

FFTW3_PRB
  Normal end of execution.

15 July 2015 01:40:34 PM
